GGXWDN_NGDP	1980	1981	1982	1983	1984	1985	1986	1987	1988	1989	1990	1991	1992	1993	1994	1995	1996	1997	1998	1999	2000	2001	2002	2003	2004	2005	2006	2007	2008	2009	2010	2011	2012	2013	2014	2015	2016	2017	2018	2019	2020
Afghanistan																																									
Albania	NA	NA	NA	NA	NA	NA	NA	NA	NA	NA	NA	NA	NA	NA	NA	NA	NA	69.988	67.814	64.968	61.898	58.543	62.839	58.825	56.451	57.444	56.079	53.427	55.134	59.667	57.720	59.413	62.020	70.091	72.522	73.305	70.192	65.577	61.032	56.306	51.411
Algeria	NA	NA	NA	NA	NA	NA	NA	NA	NA	NA	0.000	77.834	62.926	74.028	98.376	116.195	98.148	69.855	72.863	82.019	62.813	52.372	48.591	33.712	25.109	2.850	-7.611	-20.445	-29.933	-32.489	-28.722	-27.105	-23.303	-25.149	-16.835	-6.432	3.736	10.644	15.185	18.457	20.595
Angola																																									
Antigua and Barbuda																																									
Argentina																																									
Armenia																																									
Australia	NA	NA	NA	NA	NA	NA	NA	NA	NA	9.942	9.585	12.607	18.228	22.041	23.272	23.060	21.300	18.179	14.662	11.048	7.145	4.703	2.767	0.754	-1.230	-3.813	-6.319	-7.267	-5.293	-0.598	3.930	8.077	11.232	13.236	15.632	17.453	18.296	18.150	17.248	16.087	14.860
Austria	NA	NA	NA	NA	NA	NA	NA	NA	NA	NA	NA	NA	NA	NA	NA	NA	NA	NA	NA	NA	NA	NA	NA	NA	NA	NA	NA	NA	NA	NA	NA	NA	49.432	49.199	47.883	48.683	47.847	46.700	45.640	44.411	43.315
Azerbaijan																																									
The Bahamas	NA	NA	NA	NA	NA	NA	NA	NA	NA	NA	NA	25.157	28.216	31.741	33.801	33.963	33.567	30.539	26.540	25.221	24.476	23.588	24.807	26.601	27.596	29.298	29.554	29.982	32.346	38.399	43.241	44.996	48.445	56.273	60.894	62.112	62.218	61.771	61.158	60.578	59.948
Bahrain	NA	NA	NA	NA	NA	NA	NA	NA	NA	NA	-19.856	-13.486	-7.204	-8.813	-11.438	-0.203	-2.753	-0.760	4.760	10.565	12.661	13.698	16.155	20.119	29.398	24.195	20.253	16.344	12.562	21.361	29.704	32.498	36.201	43.462	43.762	66.748	77.760	85.883	93.314	100.332	107.335
Bangladesh																																									
Barbados	NA	NA	NA	NA	NA	NA	NA	NA	NA	NA	NA	NA	NA	NA	42.165	41.673	38.729	34.679	30.000	29.061	32.159	36.319	32.274	30.103	28.438	26.923	29.415	31.419	34.926	44.614	47.602	50.166	58.950	69.268	72.901	75.070	77.000	77.888	77.987	77.490	76.515
Belarus																																									
Belgium	0.000	0.000	0.000	0.000	0.000	0.000	0.000	0.000	0.000	0.000	0.000	0.000	0.000	0.000	0.000	0.000	0.000	0.000	90.281	85.344	80.168	76.368	73.404	72.230	66.182	64.371	60.813	54.258	54.986	60.945	59.487	60.565	62.321	63.993	64.566	65.802	66.323	66.090	65.217	63.961	62.425
Belize	NA	NA	NA	NA	NA	NA	NA	NA	NA	NA	NA	NA	NA	NA	NA	NA	NA	NA	NA	NA	NA	82.375	87.642	100.349	97.724	95.893	90.632	85.976	79.750	83.663	83.212	79.393	74.977	75.224	75.330	77.244	99.913	97.630	96.840	95.921	95.130
Benin																																									
Bhutan																																									
Bolivia	NA	NA	NA	NA	NA	NA	NA	NA	NA	NA	NA	NA	NA	NA	NA	NA	NA	NA	NA	NA	58.930	51.729	62.116	66.444	81.006	71.088	41.886	27.258	20.607	23.144	18.382	14.429	11.039	10.136	13.228	20.571	27.353	32.766	37.190	40.595	47.821
Bosnia and Herzegovina	NA	NA	NA	NA	NA	NA	NA	NA	NA	NA	NA	NA	NA	NA	NA	NA	NA	NA	50.737	53.361	32.238	30.842	26.469	22.171	19.734	19.116	13.169	4.387	21.601	27.256	32.082	33.680	37.702	36.140	38.103	38.968	38.723	37.912	37.000	35.438	33.371
Botswana																																									
Brazil	NA	NA	NA	NA	NA	NA	NA	NA	NA	NA	NA	NA	NA	NA	NA	NA	NA	NA	NA	NA	46.838	51.464	59.838	54.192	50.161	47.890	46.479	44.179	37.124	40.422	37.970	34.483	32.889	31.533	34.107	38.035	42.055	43.456	44.354	44.828	44.471
Brunei Darussalam																																									
Bulgaria	NA	NA	NA	NA	NA	NA	NA	NA	NA	NA	NA	NA	NA	NA	NA	NA	NA	NA	NA	NA	21.902	16.143	7.760	-8.884	-12.813	-7.529	-10.309	-9.865	-13.232	-13.411	-13.350	-11.284	-10.190	-8.009	-2.538	-0.696	0.440	1.004	1.058	0.548	-0.391
Burkina Faso																																									
Burundi																																									
Cabo Verde	NA	NA	NA	NA	NA	NA	NA	NA	NA	NA	NA	NA	NA	NA	NA	NA	NA	84.338	79.245	67.624	80.571	77.936	80.014	78.926	81.227	80.489	74.078	59.188	52.632	59.419	64.480	72.450	87.075	96.129	108.163	118.836	117.502	115.098	108.752	102.279	94.757
Cambodia																																									
Cameroon	NA	NA	NA	NA	NA	NA	NA	NA	NA	NA	NA	NA	NA	NA	NA	NA	NA	NA	NA	NA	NA	NA	NA	NA	61.622	51.546	15.863	11.956	9.715	10.092	11.527	13.245	15.429	18.657	25.363	32.157	35.093	37.183	38.478	39.277	39.766
Canada	14.610	13.603	19.271	25.725	29.767	35.481	39.905	39.550	38.507	41.538	44.123	50.980	59.565	64.532	68.907	71.719	71.279	66.661	62.875	57.030	47.591	45.159	44.253	40.596	36.559	31.628	27.809	24.346	24.259	29.944	32.885	34.552	36.379	37.127	36.352	37.839	38.012	37.191	36.242	35.297	34.132
Central African Republic																																									
Chad																																									
Chile	NA	NA	NA	NA	NA	NA	NA	NA	NA	NA	NA	NA	14.891	13.500	8.111	3.926	1.458	-0.436	-0.277	1.635	3.082	5.590	7.601	6.525	3.983	-0.005	-6.629	-12.967	-19.276	-10.563	-7.034	-8.616	-6.823	-5.658	-4.392	-2.097	0.297	2.077	3.162	4.125	5.074
China																																									
Colombia	NA	NA	NA	NA	NA	NA	NA	NA	NA	NA	NA	NA	NA	NA	NA	NA	NA	NA	NA	26.879	31.887	33.541	30.740	37.480	32.510	27.956	25.287	22.476	22.267	26.148	28.448	27.067	24.870	27.011	33.789	41.460	39.982	39.232	38.033	36.481	34.712
Comoros	NA	NA	NA	NA	240.962	228.916	217.288	205.637	194.542	188.149	173.840	160.370	157.152	147.544	148.903	131.739	128.447	121.400	117.322	107.861	101.939	89.705	81.666	74.824	72.797	67.526	65.651	61.794	57.489	53.527	50.324	46.132	42.541	18.146	24.501	24.670	25.682	26.040	26.033	23.621	21.860
Democratic Republic of the Congo																																									
Republic of Congo																																									
Costa Rica	NA	NA	NA	NA	NA	NA	NA	NA	NA	NA	NA	NA	NA	NA	NA	NA	24.011	22.219	31.386	26.597	36.578	38.611	40.785	39.996	41.035	37.470	33.311	27.552	24.783	27.233	29.142	30.605	35.179	36.299	39.710	43.979	46.279	48.041	49.593	51.308	52.826
Côte d'Ivoire																																									
Croatia																																									
Cyprus																																									
Czech Republic																																									
Denmark	NA	NA	NA	NA	NA	NA	NA	NA	NA	NA	NA	NA	NA	NA	NA	38.162	37.977	36.416	37.645	30.637	25.515	21.961	21.051	18.391	14.184	9.461	1.119	-4.614	-6.667	-5.909	-3.290	1.129	6.695	3.397	3.626	6.283	8.813	10.834	12.287	13.202	13.605
Djibouti																																									
Dominica																																									
Dominican Republic	NA	NA	NA	NA	NA	NA	NA	NA	NA	NA	NA	NA	NA	NA	NA	NA	NA	13.254	12.700	15.268	15.855	15.581	16.536	34.108	22.500	21.290	19.424	17.519	19.603	22.729	23.753	25.750	30.464	34.604	34.990	33.262	34.642	36.232	37.129	38.094	39.017
Ecuador																																									
Egypt	NA	NA	NA	NA	NA	NA	NA	NA	NA	NA	NA	NA	NA	NA	NA	NA	NA	NA	NA	NA	NA	NA	66.374	73.212	71.017	71.065	71.366	64.489	55.564	58.746	60.033	64.488	67.901	78.116	81.865	82.552	82.797	79.129	76.679	74.931	73.117
El Salvador																																									
Equatorial Guinea																																									
Eritrea																																									
Estonia	NA	NA	NA	NA	NA	NA	NA	NA	NA	NA	NA	NA	NA	NA	NA	NA	-0.176	-0.101	-0.064	-0.094	-0.097	-2.236	-4.295	-6.302	-7.700	-8.662	-9.708	-9.510	-6.773	-8.220	-6.884	-5.125	-1.509	-0.255	-0.208	0.505	1.002	1.400	1.774	2.139	2.373
Ethiopia	NA	NA	NA	NA	NA	NA	NA	NA	NA	NA	NA	NA	85.298	136.736	150.511	142.183	128.816	77.853	86.611	94.849	90.825	92.685	107.874	107.448	98.165	67.265	29.028	28.682	25.379	20.892	23.301	20.362	15.796	15.974	17.655	17.630	19.214	20.379	21.383	22.221	22.844
Fiji	NA	NA	NA	NA	NA	NA	NA	NA	NA	NA	NA	NA	45.714	46.514	49.499	50.194	51.036	55.379	36.706	32.353	37.861	42.512	45.391	46.849	46.428	46.084	52.003	47.505	47.493	52.280	52.132	49.944	48.438	45.913	45.629	47.413	44.303	43.145	41.750	41.079	40.397
Finland	-53.218	-52.773	-48.638	-46.003	-45.811	-48.032	-49.424	-49.421	-51.688	-58.902	-62.606	-60.283	-44.031	-28.539	-29.099	-7.210	-6.614	-7.487	-14.056	-48.359	-30.078	-30.439	-30.231	-36.814	-44.742	-56.018	-66.520	-69.738	-49.968	-59.646	-61.760	-48.777	-50.301	-54.026	-50.222	-46.538	-42.660	-38.870	-35.358	-32.334	-29.749
France	NA	NA	NA	13.088	15.076	22.623	25.376	24.552	24.686	24.763	25.512	28.055	30.935	35.486	41.320	46.320	49.335	50.449	50.766	50.484	49.848	49.682	51.409	55.031	56.770	58.770	57.838	57.749	60.315	70.061	73.746	76.381	81.693	84.580	87.851	89.374	90.329	90.311	89.508	87.780	85.376
Gabon																																									
The Gambia	NA	NA	NA	NA	NA	NA	NA	NA	NA	NA	NA	NA	NA	NA	NA	NA	NA	NA	NA	NA	121.737	125.027	156.014	152.389	135.120	135.995	140.551	60.909	63.922	62.583	69.639	77.274	76.955	83.323	101.141	107.714	101.727	93.465	85.515	81.147	74.708
Georgia																																									
Germany	NA	NA	NA	NA	NA	NA	NA	NA	NA	NA	NA	17.084	22.109	24.653	26.619	33.879	37.100	38.728	40.451	42.287	39.222	40.444	43.069	47.059	49.241	51.794	51.301	48.366	48.146	54.465	56.242	54.593	54.008	53.067	51.377	48.378	46.404	44.552	42.570	40.171	38.118
Ghana	NA	NA	NA	NA	NA	NA	NA	NA	NA	NA	0.000	0.000	0.000	0.000	0.000	0.000	0.000	0.000	0.000	0.000	0.000	98.199	84.588	81.796	54.040	43.770	21.923	23.259	30.099	32.555	43.032	38.760	46.996	52.895	66.130	70.445	68.003	63.955	58.475	54.367	51.219
Greece	NA	NA	NA	NA	NA	NA	NA	NA	NA	NA	NA	NA	NA	NA	NA	NA	NA	NA	NA	NA	NA	NA	NA	NA	NA	NA	NA	NA	NA	NA	NA	NA	152.819	172.145	174.977	194.056	202.801	199.147	192.658	185.222	178.536
Grenada																																									
Guatemala																																									
Guinea																																									
Guinea-Bissau																																									
Guyana	NA	NA	NA	NA	NA	NA	NA	NA	NA	NA	NA	NA	NA	NA	NA	NA	NA	130.208	135.740	121.065	120.190	129.660	133.745	121.251	118.644	116.075	94.157	58.874	57.303	59.947	61.208	63.327	61.330	52.342	56.754	58.560	59.323	60.370	60.651	60.135	58.851
Haiti																																									
Honduras																																									
Hong Kong SAR																																									
Hungary	NA	NA	NA	NA	NA	NA	NA	NA	NA	NA	NA	NA	NA	NA	NA	NA	NA	NA	NA	NA	NA	NA	NA	NA	NA	58.645	62.361	63.350	63.850	72.360	75.520	74.699	72.299	71.722	71.700	70.286	69.469	68.590	67.665	66.631	66.737
Iceland	NA	NA	0.444	5.706	5.614	5.850	8.732	7.879	9.542	16.838	18.486	19.210	25.877	33.793	36.765	38.639	38.296	36.489	40.967	36.266	34.755	39.911	37.083	35.761	29.798	18.723	20.427	17.560	53.340	66.273	65.724	61.699	63.905	62.590	55.813	50.764	46.260	41.866	40.740	40.126	38.725
India																																									
Indonesia																																									
Islamic Republic of Iran	NA	NA	NA	NA	NA	NA	NA	NA	NA	NA	NA	NA	NA	NA	NA	NA	18.583	15.889	17.879	12.097	6.434	-1.352	9.257	7.479	4.981	-0.526	-0.874	-2.675	-2.839	2.537	1.964	-2.663	5.790	-1.693	-2.012	1.488	1.183	0.141	-0.836	-1.680	-2.556
Iraq																																									
Ireland	NA	NA	NA	NA	NA	NA	NA	NA	NA	NA	NA	NA	NA	NA	NA	NA	NA	NA	NA	NA	25.345	20.959	22.524	21.788	19.335	17.536	14.318	14.201	22.467	36.583	66.630	77.586	86.666	89.754	88.176	82.377	78.730	76.428	73.113	70.556	68.253
Israel	NA	NA	NA	NA	NA	NA	NA	NA	NA	NA	NA	NA	NA	NA	NA	NA	NA	NA	NA	NA	68.000	72.800	80.100	82.900	82.900	79.600	71.800	65.800	65.000	66.700	64.500	64.000	63.000	62.700	63.400	63.713	63.888	64.594	65.588	66.483	67.376
Italy	NA	NA	NA	NA	NA	NA	NA	NA	83.969	86.265	89.158	92.075	98.665	108.369	113.952	95.359	104.509	99.813	97.560	93.939	90.178	89.509	86.556	85.512	85.190	85.963	86.348	84.103	86.195	94.176	96.317	98.390	102.932	109.579	112.612	113.479	112.772	111.232	109.405	107.218	104.823
Jamaica																																									
Japan	16.830	20.041	22.464	25.331	26.429	25.706	24.762	20.597	17.390	14.200	13.242	11.501	13.631	16.875	18.826	22.871	28.147	34.063	44.711	52.360	58.846	65.510	74.497	77.559	82.406	82.154	81.028	80.488	95.281	106.193	113.055	127.178	129.030	122.902	126.066	125.989	128.112	129.191	130.813	131.309	132.070
Jordan	NA	NA	NA	NA	NA	NA	NA	NA	171.978	203.789	212.972	191.973	143.474	129.724	116.795	107.636	103.060	95.168	104.364	101.321	88.244	92.623	96.190	99.626	84.353	81.997	76.337	70.842	65.444	67.772	71.436	82.710	86.940	80.065	80.809	81.733	80.350	77.375	74.083	70.650	67.705
Kazakhstan	NA	NA	NA	NA	NA	NA	NA	NA	NA	NA	NA	NA	NA	NA	NA	NA	NA	NA	NA	NA	NA	NA	7.852	3.580	0.028	-6.129	-10.855	-13.792	-13.913	-11.044	-10.249	-13.015	-16.292	-17.966	-19.794	-28.386	-25.493	-23.075	-21.395	-20.049	-19.067
Kenya	NA	NA	NA	NA	NA	NA	NA	NA	NA	NA	NA	NA	NA	NA	NA	NA	NA	NA	50.633	50.353	49.836	52.500	58.442	56.302	49.660	43.792	39.906	34.423	37.132	36.864	40.223	39.063	37.951	40.296	48.889	53.461	53.839	53.330	51.859	50.061	48.906
Kiribati																																									
Korea	NA	NA	NA	NA	NA	NA	NA	NA	NA	NA	NA	NA	NA	NA	NA	NA	NA	NA	NA	NA	NA	17.849	17.703	20.647	22.985	25.970	28.174	27.385	27.329	30.479	30.340	31.147	31.068	33.907	35.386	37.682	38.748	39.678	40.208	40.182	39.795
Kosovo																																									
Kuwait																																									
Kyrgyz Republic																																									
Lao P.D.R.																																									
Latvia	NA	NA	NA	NA	NA	NA	NA	NA	NA	NA	NA	NA	NA	NA	NA	NA	NA	NA	NA	NA	10.098	10.198	10.574	11.468	10.482	9.267	7.016	4.453	11.043	21.287	28.412	30.041	29.375	32.184	34.861	34.912	34.270	34.008	32.554	31.059	29.588
Lebanon	NA	NA	NA	NA	NA	NA	NA	NA	NA	NA	NA	NA	NA	NA	NA	NA	NA	NA	NA	NA	143.228	158.993	155.657	166.280	165.666	172.406	180.199	165.183	151.166	132.121	129.024	128.276	123.485	124.189	124.995	124.986	127.237	130.884	134.253	135.997	137.840
Lesotho	NA	NA	NA	NA	NA	NA	NA	NA	NA	NA	NA	NA	NA	NA	NA	NA	NA	NA	NA	NA	0.264	0.128	0.129	25.060	16.486	20.797	6.584	-3.169	-11.308	-17.520	-4.365	2.273	-5.208	-3.623	-4.287	2.685	10.418	9.641	8.747	8.196	5.022
Liberia	NA	NA	NA	NA	NA	NA	NA	NA	NA	NA	NA	NA	NA	NA	NA	NA	NA	NA	NA	NA	732.489	718.366	706.935	903.887	805.468	713.371	644.531	477.342	306.278	169.680	25.665	25.951	23.308	24.291	27.993	35.716	40.933	43.690	44.314	43.666	42.026
Libya	NA	NA	NA	NA	NA	NA	NA	NA	NA	NA	60.217	54.879	53.393	53.706	51.535	50.782	42.592	36.316	37.027	27.383	5.537	4.265	-0.283	-13.437	-44.339	-59.007	-77.818	-77.585	-70.215	-93.595	-86.853	-170.453	-83.646	-92.871	-99.652	-53.096	14.795	68.808	106.330	130.528	137.564
Lithuania	NA	NA	NA	NA	NA	NA	NA	NA	NA	NA	NA	NA	NA	NA	NA	NA	NA	NA	17.312	24.931	19.623	18.700	17.283	15.667	14.493	13.815	11.001	10.980	12.612	23.024	29.160	32.894	33.623	16.192	19.161	17.768	18.756	19.319	20.141	20.781	20.873
Luxembourg																																									
FYR Macedonia	NA	NA	NA	NA	NA	NA	NA	NA	NA	NA	NA	NA	NA	NA	NA	NA	NA	NA	NA	25.520	38.815	35.263	33.790	32.637	30.663	29.673	22.311	19.814	18.544	21.052	21.447	26.084	29.510	30.411	33.660	36.483	38.697	40.401	41.923	43.232	44.329
Madagascar																																									
Malawi																																									
Malaysia																																									
Maldives	NA	NA	NA	NA	NA	NA	NA	NA	NA	NA	0.000	0.000	0.000	0.000	0.000	0.000	0.000	30.902	31.927	31.259	31.834	30.733	33.081	30.606	27.831	35.247	31.603	31.230	32.062	47.811	55.269	55.605	58.936	63.037	69.072	73.256	75.329	76.911	78.050	78.977	80.521
Mali	NA	NA	NA	NA	NA	NA	NA	NA	NA	NA	NA	NA	NA	NA	NA	NA	NA	NA	NA	NA	91.193	79.907	46.409	36.944	36.470	50.281	13.869	13.878	17.921	13.037	19.288	22.196	24.765	23.649	28.001	34.644	36.230	37.024	37.278	37.519	37.986
Malta																																									
Marshall Islands																																									
Mauritania																																									
Mauritius	NA	NA	NA	NA	NA	NA	NA	NA	NA	NA	NA	NA	NA	NA	NA	NA	NA	NA	NA	NA	45.298	44.801	52.532	59.103	51.697	53.530	51.015	47.283	44.030	52.118	51.920	52.112	51.484	53.880	56.177	55.955	54.263	52.839	53.713	54.054	53.677
Mexico	NA	NA	NA	NA	NA	NA	NA	NA	NA	NA	NA	NA	NA	NA	NA	NA	0.000	0.000	37.713	38.778	35.404	35.591	38.065	35.583	32.837	31.502	29.753	29.066	33.152	36.235	36.238	37.461	37.697	40.358	43.394	45.624	45.738	45.583	45.105	44.446	43.638
Micronesia																																									
Moldova																																									
Mongolia																																									
Montenegro																																									
Morocco	NA	NA	NA	NA	NA	NA	NA	NA	NA	NA	76.271	64.000	72.543	80.842	74.987	78.158	70.489	73.332	69.619	68.442	69.997	62.950	61.793	58.853	55.966	59.118	54.359	50.528	44.734	45.452	48.493	52.137	57.775	60.982	62.873	63.350	63.445	62.735	61.671	60.093	58.202
Mozambique																																									
Myanmar																																									
Namibia	NA	NA	NA	NA	NA	NA	NA	NA	NA	NA	NA	NA	NA	17.367	17.028	18.978	20.150	19.298	21.927	22.360	19.937	22.216	21.784	24.945	27.490	26.049	20.300	12.637	8.948	8.602	11.814	18.448	18.146	20.942	21.537	24.952	29.991	31.448	29.704	26.740	23.287
Nepal																																									
Netherlands	NA	NA	NA	NA	NA	NA	NA	NA	NA	NA	NA	NA	NA	NA	NA	38.077	36.378	33.453	30.841	20.583	19.509	20.171	22.409	22.291	23.850	21.836	20.688	17.701	16.165	20.176	23.326	26.379	27.866	31.653	33.353	34.817	35.354	35.774	35.927	35.817	35.427
New Zealand	NA	NA	NA	NA	59.280	56.888	53.732	48.108	44.752	44.006	44.471	50.766	54.852	52.385	46.832	40.533	35.725	33.298	33.085	32.295	30.082	26.934	22.952	18.262	12.734	7.318	2.723	-0.876	-2.340	-0.782	2.344	6.130	7.719	7.748	8.201	8.795	8.600	8.127	7.371	6.317	5.201
Nicaragua																																									
Niger	NA	NA	NA	NA	NA	NA	NA	NA	NA	NA	NA	NA	NA	NA	NA	-0.753	3.595	5.148	1.533	1.890	0.085	1.130	-5.605	2.074	2.488	2.942	-37.130	1.521	1.899	0.885	4.254	2.578	1.942	2.953	3.647	4.850	3.350	2.930	2.925	2.863	2.264
Nigeria																																									
Norway	0.364	-2.054	-4.407	-7.796	-11.610	-14.808	-19.288	-19.629	-33.325	-32.459	-32.413	-38.400	-35.964	-33.157	-31.404	-41.756	-46.562	-52.676	-57.050	-61.421	-71.300	-89.280	-85.281	-98.806	-108.173	-123.722	-137.415	-143.711	-128.831	-158.348	-167.624	-162.417	-171.365	-205.377	-244.320	-261.680	-269.221	-268.582	-268.026	-269.549	-272.896
Oman	NA	NA	NA	NA	NA	NA	NA	NA	NA	NA	NA	NA	NA	-31.734	-23.180	-20.798	-18.966	-22.527	-22.895	-22.869	-25.442	-29.097	-25.489	-28.183	-30.205	-32.722	-33.305	-37.266	-30.200	-40.080	-36.030	-35.022	-34.460	-49.865	-50.574	-51.711	-34.439	-16.210	-14.682	-4.192	6.913
Pakistan	NA	NA	NA	NA	NA	NA	NA	NA	NA	NA	NA	NA	NA	NA	NA	NA	NA	NA	NA	NA	NA	85.242	75.745	68.992	62.284	58.653	49.168	47.096	53.447	55.142	57.431	56.469	59.938	61.081	59.419	59.644	59.670	58.509	57.196	56.761	55.794
Palau																																									
Panama	NA	NA	NA	NA	NA	NA	NA	NA	NA	NA	NA	115.744	101.834	93.266	87.477	85.585	72.597	67.121	64.828	61.496	59.753	64.477	63.539	60.059	62.252	62.605	59.427	51.528	44.184	43.488	39.628	39.794	39.156	38.630	42.657	44.712	44.774	42.879	40.254	38.314	36.382
Papua New Guinea																																									
Paraguay	NA	NA	NA	NA	NA	NA	NA	NA	NA	NA	NA	NA	NA	NA	NA	NA	NA	NA	NA	NA	30.911	40.288	57.778	42.749	32.188	26.104	19.025	14.845	13.664	12.726	9.263	6.985	11.247	11.733	12.722	16.694	19.204	21.143	22.957	24.646	26.111
Peru	NA	NA	NA	NA	NA	NA	NA	NA	NA	NA	NA	NA	NA	NA	NA	NA	NA	NA	NA	NA	37.244	36.647	37.779	38.340	34.653	31.651	23.974	16.743	13.009	12.229	10.263	7.151	4.543	3.478	3.587	5.324	7.258	8.681	9.440	9.844	10.084
Philippines																																									
Poland	NA	NA	NA	NA	NA	NA	NA	NA	NA	NA	NA	NA	NA	NA	NA	-3.383	-1.287	0.068	1.434	6.346	6.918	13.900	13.351	17.568	15.101	15.841	14.918	10.131	9.906	14.705	19.657	26.694	24.792	28.727	24.152	26.121	27.057	28.153	28.688	28.722	28.786
Portugal	NA	NA	NA	NA	NA	NA	NA	NA	NA	NA	NA	NA	NA	NA	NA	NA	NA	46.354	42.462	41.560	41.498	45.809	47.278	50.117	52.043	56.155	56.658	61.427	67.194	79.293	91.625	100.683	115.421	119.050	120.278	120.593	118.014	117.298	116.864	116.349	115.457
Qatar	NA	NA	NA	NA	NA	NA	NA	NA	NA	NA	8.131	14.217	9.161	32.856	39.713	38.234	43.129	39.649	55.318	62.273	46.950	51.522	35.072	3.400	-4.673	-11.816	-17.208	-22.191	-32.982	-32.005	-29.460	-41.759	-60.276	-84.417	-105.769	-118.520	-114.746	-103.281	-96.319	-90.692	-86.565
Romania																																									
Russia																																									
Rwanda																																									
Samoa																																									
San Marino																																									
São Tomé and Príncipe																																									
Saudi Arabia	NA	NA	NA	NA	NA	NA	NA	NA	NA	NA	NA	36.031	43.765	53.653	62.142	67.981	68.859	70.231	92.955	94.300	79.384	85.595	89.041	74.506	52.747	17.738	1.819	-16.089	-42.188	-43.435	-41.844	-41.921	-51.518	-56.656	-54.188	-41.351	-20.192	-0.214	16.829	31.258	44.133
Senegal																																									
Serbia	NA	NA	NA	NA	NA	NA	NA	NA	NA	NA	NA	NA	NA	NA	NA	NA	NA	NA	NA	NA	222.463	104.457	72.558	67.920	58.582	49.241	32.391	26.966	28.805	30.783	38.905	40.983	52.121	53.121	67.930	72.245	74.461	73.528	70.829	68.168	65.193
Seychelles	NA	NA	NA	NA	NA	NA	NA	NA	NA	NA	NA	NA	NA	NA	NA	NA	NA	NA	NA	NA	NA	193.883	193.653	168.564	154.596	137.290	123.359	126.756	126.091	116.976	75.808	69.000	65.419	52.981	48.929	48.402	44.074	39.996	35.525	32.256	30.432
Sierra Leone	NA	NA	NA	NA	NA	NA	NA	NA	NA	NA	NA	NA	NA	NA	NA	NA	NA	NA	NA	NA	NA	0.000	0.000	0.000	0.000	0.000	0.000	0.000	0.000	0.000	0.000	0.000	0.000	0.000	0.000	0.000	0.000	0.000	0.000	0.000	0.000
Singapore																																									
Slovak Republic																																									
Slovenia																																									
Solomon Islands	NA	NA	NA	NA	NA	NA	NA	NA	NA	NA	NA	NA	NA	NA	NA	NA	NA	NA	NA	NA	NA	NA	NA	69.601	51.321	45.578	41.681	35.435	30.896	28.125	18.849	6.625	5.670	6.325	4.752	19.366	19.168	19.047	18.422	17.400	16.097
South Africa	NA	NA	NA	NA	NA	NA	NA	NA	NA	NA	NA	NA	NA	NA	NA	NA	NA	NA	NA	NA	41.500	42.022	35.093	34.755	33.591	28.687	25.895	22.850	21.740	25.370	28.514	31.320	34.747	37.631	41.023	43.944	45.642	47.032	48.637	50.321	51.108
South Sudan	NA	NA	NA	NA	NA	NA	NA	NA	NA	NA	NA	NA	NA	NA	NA	NA	NA	NA	NA	NA	NA	NA	NA	NA	NA	NA	NA	NA	NA	NA	NA	NA	2.131	9.850	17.526	49.428	48.949	52.853	60.868	67.272	68.254
Spain	NA	NA	NA	NA	NA	25.609	28.749	29.352	29.988	29.501	30.308	31.713	34.339	39.393	45.161	56.975	60.072	59.867	57.374	54.521	49.107	46.326	42.859	40.317	37.718	34.053	29.972	26.017	30.017	23.981	32.158	38.615	50.959	58.794	62.604	64.789	66.012	66.492	66.563	65.963	65.264
Sri Lanka																																									
St. Kitts and Nevis																																									
St. Lucia																																									
St. Vincent and the Grenadines	NA	NA	NA	NA	NA	NA	NA	NA	NA	NA	58.942	57.038	53.986	52.495	57.790	50.715	43.870	41.915	42.466	56.937	57.752	55.387	55.296	52.257	60.348	64.097	63.561	55.030	53.953	60.456	63.301	65.328	69.085	70.535	75.054	75.172	76.074	75.698	74.306	72.632	71.200
Sudan																																									
Suriname																																									
Swaziland	NA	NA	NA	NA	NA	NA	NA	NA	NA	NA	NA	NA	NA	16.580	14.459	13.843	13.735	13.342	17.420	18.006	18.885	18.908	17.390	16.344	11.455	7.429	5.162	-1.207	-5.918	-4.496	3.981	6.385	4.660	3.300	2.836	7.609	13.933	19.486	23.330	27.234	31.179
Sweden	NA	NA	NA	NA	NA	NA	NA	NA	NA	NA	NA	NA	NA	9.159	14.894	13.070	13.598	12.581	11.224	6.287	1.115	1.582	7.433	4.728	3.224	-1.203	-12.025	-16.244	-11.624	-18.201	-17.193	-14.051	-17.906	-20.175	-20.722	-18.416	-16.916	-15.811	-15.095	-14.827	-14.977
Switzerland	NA	NA	NA	35.126	34.674	33.522	32.777	31.698	30.017	27.919	13.485	14.658	18.314	21.124	23.695	25.672	27.752	29.578	30.673	34.719	34.849	35.729	39.697	39.818	45.730	42.689	37.468	30.181	28.457	27.885	27.296	27.362	26.861	25.719	24.920	24.851	24.185	23.245	22.014	20.820	19.612
Syria	NA	NA	NA	NA	NA	NA	NA	NA	NA	NA	173.297	163.215	151.503	148.736	136.865	123.898	109.333	111.647	115.287	107.641	112.850	105.766	95.696	95.147	85.380	31.240	28.817	27.041	21.688	17.937	18.807	NA	NA	NA	NA	NA	NA	NA	NA	NA	NA
Taiwan Province of China	NA	NA	NA	NA	NA	NA	NA	NA	NA	NA	NA	NA	NA	NA	NA	NA	NA	21.064	17.531	21.776	24.285	28.127	27.757	30.146	31.411	32.033	31.239	30.174	31.386	34.718	34.864	36.421	37.399	37.253	36.003	36.661	36.150	35.072	33.750	32.098	30.233
Tajikistan																																									
Tanzania																																									
Thailand																																									
Timor-Leste																																									
Togo																																									
Tonga																																									
Trinidad and Tobago	NA	NA	NA	NA	NA	NA	NA	NA	NA	NA	NA	NA	NA	NA	NA	NA	NA	NA	NA	NA	46.574	47.217	50.524	44.602	34.624	24.300	14.851	10.647	5.026	9.875	10.529	8.775	15.647	14.307	15.229	18.113	24.098	30.000	35.294	40.686	46.095
Tunisia																																									
Turkey	NA	NA	NA	NA	NA	NA	NA	NA	NA	NA	NA	NA	NA	NA	NA	43.740	47.047	44.274	44.771	62.510	57.537	75.975	70.575	63.970	55.017	45.972	38.978	32.710	32.540	37.532	34.743	31.315	27.776	27.345	25.103	24.115	24.979	26.616	28.468	31.008	34.020
Turkmenistan																																									
Tuvalu																																									
Uganda																																									
Ukraine	NA	NA	NA	NA	NA	NA	NA	NA	NA	NA	NA	NA	NA	NA	NA	NA	NA	NA	45.464	58.158	42.497	33.956	30.662	26.104	22.528	13.399	11.306	9.710	17.548	30.799	38.530	34.510	35.333	38.437	69.668	88.829	88.883	85.014	79.880	74.645	68.708
United Arab Emirates	NA	NA	NA	NA	NA	NA	NA	NA	NA	NA	NA	NA	NA	NA	NA	NA	NA	NA	NA	-344.208	-295.494	-310.915	-308.206	-289.531	-262.469	-241.256	-222.391	-215.129	-203.041	-247.101	-227.970	-201.553	-208.991	-216.112	-223.222	-267.283	-260.149	-249.588	-241.221	-235.731	-230.233
United Kingdom	43.741	46.494	46.499	45.117	45.731	45.304	44.183	41.170	36.998	31.158	27.851	26.876	28.411	33.072	38.554	42.788	46.016	42.733	40.275	38.318	32.679	31.431	31.550	33.299	36.084	37.478	37.946	38.324	45.708	58.838	69.068	73.382	77.080	78.745	80.859	80.341	79.483	78.146	76.008	72.737	69.250
United States	NA	NA	NA	NA	NA	NA	NA	NA	NA	NA	NA	NA	NA	NA	NA	NA	NA	NA	NA	NA	NA	33.776	36.356	39.733	46.890	46.270	44.741	44.459	50.418	62.042	69.504	75.951	79.345	80.829	80.108	79.932	80.690	80.290	79.890	80.316	81.180
Uruguay	NA	NA	NA	NA	NA	NA	NA	NA	NA	NA	NA	NA	NA	NA	NA	NA	NA	NA	NA	NA	NA	34.985	75.699	71.057	61.201	50.723	47.443	37.808	31.612	30.727	30.595	28.291	25.294	24.181	22.493	23.036	24.315	25.784	26.414	26.725	26.990
Uzbekistan																																									
Vanuatu																																									
Venezuela																																									
Vietnam	NA	NA	NA	NA	NA	NA	NA	NA	NA	NA	NA	NA	NA	NA	NA	NA	NA	NA	NA	NA	26.799	28.001	30.734	33.113	37.446	36.542	38.407	40.897	39.419	45.167	48.084	46.540	48.611	52.590	57.188	61.215	63.719	66.095	67.120	67.889	68.118
Yemen	NA	NA	NA	NA	NA	NA	NA	NA	NA	NA	NA	NA	NA	NA	NA	NA	NA	NA	119.301	93.994	56.422	54.377	49.960	52.167	45.466	37.065	32.999	35.236	31.422	43.633	38.275	42.340	45.276	46.712	47.788	65.923	59.739	59.029	61.154	64.519	67.870
Zambia	NA	NA	NA	NA	NA	NA	NA	NA	NA	NA	NA	NA	NA	NA	NA	NA	NA	NA	NA	NA	28.889	21.893	21.737	23.921	19.262	13.093	21.604	17.601	16.284	16.466	15.944	16.229	19.989	25.105	29.465	37.679	42.024	43.972	45.297	44.956	44.091
Zimbabwe																																									
